2017000 张果 99 99 99
2017001 陈迪 0 2 0
2017002 肖东菁 89 79 98
2017003 汪佳丽 98 78 92
2017004 傅双育 87 85 94
2017005 王聪 85 94 74
2017006 李璇 92 84 84
2017007 马舒滟 92 84 74
2017008 许青云 84 84 61
2017009 徐丹 95 99 100
2017010 张奕 99 100 47
2017011 田野 84 61 60
2017012 彭亚光 94 74 92
2017013 殷夏 74 92 84
2017014 黄欢 60 95 99
2017015 庞琳 84 61 60
2017016 张子腾 83 84 91
2017017 姜春阳 83 84 91
2017018 刘冰若 79 98 75
2017019 万菲 74 96 95
2017020 何丽 62 54 64
2017021 刘龙飞 75 74 96
2017022 顾天天 95 92 71
2017023 宣苗 98 75 74
2017024 周彦楠 74 96 95
2017025 朱小玲 71 62 54
2017026 毛雅清 95 92 71
2017027 江皎 95 92 71
2017028 王伊 92 71 92
2017029 黄登高 94 52 41
2017030 王莉 84 85 86
2017031 董润 63 86 74
2017032 谭雪 74 85 86
2017033 董方帅 41 63 86
2017034 黄明光 85 86 94
2017035 陆元智 41 63 86
